# Percent close to axes and unit circle


A2
-------------------axes
03 33.3333
04 28.5714
05 22.5806
06 22.5806
07 21.1267
08 19.9004
09 19.2200
10 19.0257
11 19.1843
12 18.8636
13 18.8596
14 18.7889
15 18.5564
16 18.5997
-------------------circle
03 33.3333
04 57.1428
05 58.0645
06 54.8387
07 49.2957
08 47.7611
09 50.3249
10 49.4842
11 49.5595
12 48.8356
13 48.4072
14 48.6044
15 47.9160
16 47.5652

Alexander
-------------------axes
03 0.0000
04 50.0000
05 20.0000
06 30.0000
07 17.3913
08 25.0000
09 21.5789
10 22.0211
11 20.7786
12 20.9580
13 19.7378
14 20.0468
15 19.3164
16 19.4536
-------------------circle
03 100.0000
04 50.0000
05 80.0000
06 50.0000
07 65.2173
08 52.7777
09 53.1578
10 45.7013
11 43.9272
12 41.2244
13 39.1900
14 36.9571
15 35.8780
16 34.3872

B1
-------------------axes
03 9.0909
04 4.0000
05 5.0847
06 4.2016
07 4.2857
08 4.3370
09 5.1858
10 5.6457
11 5.8111
12 5.9901
13 6.2311
14 6.3172
15 6.4275
16 6.4558
-------------------circle
03 36.3636
04 56.0000
05 61.0169
06 65.5462
07 63.9285
08 60.4708
09 59.2932
10 56.9288
11 56.0352
12 54.2710
13 53.3642
14 52.5937
15 51.7600
16 51.1914

Jones
-------------------axes
03 33.3333
04 14.2857
05 17.6470
06 14.2857
07 14.2857
08 11.0204
09 11.3772
10 12.1688
11 11.7222
12 11.7900
13 12.0096
14 12.0427
15 12.2916
16 12.3533
-------------------circle
03 0.0000
04 57.1428
05 23.5294
06 22.8571
07 14.2857
08 20.4081
09 19.7604
10 20.9699
11 22.0884
12 23.3678
13 23.9913
14 24.0480
15 23.5892
16 23.4344

KhovanovT1
-------------------axes
03 0.0000
04 11.1111
05 4.7619
06 9.5238
07 10.2040
08 11.4285
09 11.7021
10 11.7480
11 11.4177
12 10.9652
13 10.9197
14 10.6347
15 10.5783
16 10.4381
-------------------circle
03 0.0000
04 11.1111
05 14.2857
06 16.6666
07 20.4081
08 21.0714
09 22.0744
10 22.2850
11 22.7319
12 24.0139
13 24.6212
14 25.0827
15 25.3112
16 25.6379




# Maximum modulus of root

A2
-------------------
03 1.1278
04 1.1837
05 1.1837
06 1.2196
07 1.2547
08 1.4348
09 1.7765
10 1.7765
11 1.7765
12 2.0162
13 2.1548
14 2.6858
15 2.7322
16 2.9737

Alexander
-------------------
03 1.0000
04 2.6180
05 2.6180
06 2.6180
07 3.3165
08 4.3902
09 5.1069
10 5.1903
11 7.0507
12 8.7946
13 10.0233
14 14.2600
15 22.4258
16 30.5071

B1
-------------------
03 1.0731
04 1.1080
05 1.1388
06 1.1990
07 1.2197
08 1.7655
09 1.8668
10 1.8668
11 1.9518
12 2.2990
13 2.4413
14 2.7764
15 3.7987
16 3.7987

Jones
-------------------
03 1.2106
04 1.2106
05 1.2837
06 1.6355
07 1.6355
08 1.8692
09 3.3168
10 3.3168
11 3.3168
12 4.3519
13 4.9314
14 5.6205
15 6.4831
16 7.4391

KhovanovT1
-------------------
03 1.1168
04 1.2406
05 1.2451
06 1.3042
07 1.6993
08 1.6993
09 1.7980
10 1.9942
11 2.0254
12 2.0504
13 2.1074
14 2.1074
15 2.4871
16 2.6661


